0 0.5009700520833333 0.526591796875 0.018281249999999954 0.00986328125
2 0.7900455729166667 0.3228076171875 0.021712239583333334 0.025380859374999964
2 0.8059765624999999 0.3173828125 0.01170572916666662 0.025668945312500035
2 0.8177864583333333 0.311416015625 0.008977864583333429 0.026225585937500018
0 0.8311263020833333 0.3342578125 0.008151041666666714 0.009721679687500017
1 0.8277799479166668 0.319970703125 0.019283854166666715 0.020888671874999966
2 0.8462825520833335 0.32421875 0.015006510416666667 0.020244140625000018
1 0.8438932291666668 0.3024072265625 0.010885416666666713 0.01620605468749998
1 0.8816080729166667 0.3187939453125 0.011855468749999905 0.013666992187499982
0 0.8843489583333333 0.3047314453125 0.008235677083333334 0.010971679687500036
2 0.8649348958333333 0.3093994140625 0.011028645833333428 0.0129638671875