0 0.5010416666666667 0.5265625 0.01875 0.009375
2 0.7895833333333333 0.32265625 0.020833333333333332 0.025
2 0.80625 0.3171875 0.0125 0.025
2 0.8177083333333334 0.31171875 0.008333333333333333 0.0265625
0 0.83125 0.334375 0.008333333333333333 0.009375
1 0.828125 0.3203125 0.01875 0.0203125
2 0.8458333333333333 0.32421875 0.014583333333333334 0.0203125
1 0.84375 0.30234375 0.010416666666666666 0.015625
1 0.88125 0.31875 0.0125 0.0140625
0 0.884375 0.3046875 0.008333333333333333 0.0109375
2 0.8645833333333334 0.309375 0.010416666666666666 0.0125