0 0.49895833333333334 0.4734375 0.01875 0.009375
2 0.21041666666666667 0.67734375 0.020833333333333332 0.025
2 0.19375 0.6828125 0.0125 0.025
2 0.18229166666666666 0.68828125 0.008333333333333333 0.0265625
0 0.16875 0.665625 0.008333333333333333 0.009375
1 0.171875 0.6796875 0.01875 0.0203125
2 0.15416666666666667 0.67578125 0.014583333333333334 0.0203125
1 0.15625 0.69765625 0.010416666666666666 0.015625
1 0.11875 0.68125 0.0125 0.0140625
0 0.115625 0.6953125 0.008333333333333333 0.0109375
2 0.13541666666666666 0.690625 0.010416666666666666 0.0125